<?xml version="1.0"?>
<opencv_storage>
<CornersAmount>48</CornersAmount>
<Corner_0>
  358 302</Corner_0>
<Corner_1>
  367 305</Corner_1>
<Corner_2>
  376 308</Corner_2>
<Corner_3>
  386 310</Corner_3>
<Corner_4>
  397 312</Corner_4>
<Corner_5>
  408 316</Corner_5>
<Corner_6>
  418 319</Corner_6>
<Corner_7>
  428 321</Corner_7>
<Corner_8>
  349 305</Corner_8>
<Corner_9>
  359 308</Corner_9>
<Corner_10>
  369 311</Corner_10>
<Corner_11>
  379 313</Corner_11>
<Corner_12>
  389 316</Corner_12>
<Corner_13>
  400 319</Corner_13>
<Corner_14>
  410 322</Corner_14>
<Corner_15>
  421 325</Corner_15>
<Corner_16>
  341 308</Corner_16>
<Corner_17>
  350 311</Corner_17>
<Corner_18>
  360 313</Corner_18>
<Corner_19>
  370 317</Corner_19>
<Corner_20>
  380 319</Corner_20>
<Corner_21>
  392 322</Corner_21>
<Corner_22>
  403 326</Corner_22>
<Corner_23>
  413 328</Corner_23>
<Corner_24>
  333 311</Corner_24>
<Corner_25>
  342 314</Corner_25>
<Corner_26>
  351 317</Corner_26>
<Corner_27>
  361 320</Corner_27>
<Corner_28>
  372 323</Corner_28>
<Corner_29>
  383 326</Corner_29>
<Corner_30>
  394 329</Corner_30>
<Corner_31>
  405 333</Corner_31>
<Corner_32>
  323 314</Corner_32>
<Corner_33>
  332 317</Corner_33>
<Corner_34>
  343 320</Corner_34>
<Corner_35>
  352 323</Corner_35>
<Corner_36>
  363 326</Corner_36>
<Corner_37>
  373 329</Corner_37>
<Corner_38>
  385 333</Corner_38>
<Corner_39>
  397 337</Corner_39>
<Corner_40>
  313 317</Corner_40>
<Corner_41>
  324 321</Corner_41>
<Corner_42>
  333 323</Corner_42>
<Corner_43>
  343 327</Corner_43>
<Corner_44>
  354 331</Corner_44>
<Corner_45>
  364 334</Corner_45>
<Corner_46>
  376 337</Corner_46>
<Corner_47>
  388 341</Corner_47>
</opencv_storage>
