<?xml version="1.0"?>
<opencv_storage>
<cameraMatrix type_id="opencv-matrix">
  <rows>3</rows>
  <cols>3</cols>
  <dt>d</dt>
  <data>
    -9.6574383544921875e+002 0. 1.1121776585593179e+003 0.
    -6.7892437744140625e+002 -1.1668696082636507e+002 0. 0. 1.</data></cameraMatrix>
<distCoeffs type_id="opencv-matrix">
  <rows>8</rows>
  <cols>1</cols>
  <dt>d</dt>
  <data>
    -9.2862801256887714e-002 4.7946969964697307e-002
    -1.8254783552511052e-003 3.6317032611916482e-003
    -6.3528544191909262e+000 6.9985526872596585e-002
    -1.6003845161368229e+000 -2.3536494497567304e+000</data></distCoeffs>
</opencv_storage>
