<?xml version="1.0"?>
<opencv_storage>
<CornersAmount>48</CornersAmount>
<Corner_0>
  316 306</Corner_0>
<Corner_1>
  325 311</Corner_1>
<Corner_2>
  334 316</Corner_2>
<Corner_3>
  343 321</Corner_3>
<Corner_4>
  353 326</Corner_4>
<Corner_5>
  362 331</Corner_5>
<Corner_6>
  374 337</Corner_6>
<Corner_7>
  384 342</Corner_7>
<Corner_8>
  305 311</Corner_8>
<Corner_9>
  315 316</Corner_9>
<Corner_10>
  323 320</Corner_10>
<Corner_11>
  333 325</Corner_11>
<Corner_12>
  342 331</Corner_12>
<Corner_13>
  353 336</Corner_13>
<Corner_14>
  363 341</Corner_14>
<Corner_15>
  372 348</Corner_15>
<Corner_16>
  294 315</Corner_16>
<Corner_17>
  303 320</Corner_17>
<Corner_18>
  313 325</Corner_18>
<Corner_19>
  322 330</Corner_19>
<Corner_20>
  331 335</Corner_20>
<Corner_21>
  343 342</Corner_21>
<Corner_22>
  352 347</Corner_22>
<Corner_23>
  363 353</Corner_23>
<Corner_24>
  283 319</Corner_24>
<Corner_25>
  293 325</Corner_25>
<Corner_26>
  301 329</Corner_26>
<Corner_27>
  310 335</Corner_27>
<Corner_28>
  320 341</Corner_28>
<Corner_29>
  330 347</Corner_29>
<Corner_30>
  341 352</Corner_30>
<Corner_31>
  352 359</Corner_31>
<Corner_32>
  272 324</Corner_32>
<Corner_33>
  282 329</Corner_33>
<Corner_34>
  289 334</Corner_34>
<Corner_35>
  299 340</Corner_35>
<Corner_36>
  308 346</Corner_36>
<Corner_37>
  318 352</Corner_37>
<Corner_38>
  328 359</Corner_38>
<Corner_39>
  339 366</Corner_39>
<Corner_40>
  261 328</Corner_40>
<Corner_41>
  270 334</Corner_41>
<Corner_42>
  277 339</Corner_42>
<Corner_43>
  287 345</Corner_43>
<Corner_44>
  297 352</Corner_44>
<Corner_45>
  307 358</Corner_45>
<Corner_46>
  317 365</Corner_46>
<Corner_47>
  327 373</Corner_47>
</opencv_storage>
