<?xml version="1.0"?>
<opencv_storage>
<CornersAmount>48</CornersAmount>
<Corner_0>
  399 410</Corner_0>
<Corner_1>
  398 400</Corner_1>
<Corner_2>
  397 389</Corner_2>
<Corner_3>
  395 378</Corner_3>
<Corner_4>
  395 369</Corner_4>
<Corner_5>
  393 358</Corner_5>
<Corner_6>
  393 351</Corner_6>
<Corner_7>
  392 342</Corner_7>
<Corner_8>
  417 410</Corner_8>
<Corner_9>
  415 398</Corner_9>
<Corner_10>
  414 388</Corner_10>
<Corner_11>
  413 377</Corner_11>
<Corner_12>
  411 368</Corner_12>
<Corner_13>
  409 359</Corner_13>
<Corner_14>
  408 350</Corner_14>
<Corner_15>
  407 342</Corner_15>
<Corner_16>
  434 409</Corner_16>
<Corner_17>
  433 398</Corner_17>
<Corner_18>
  431 388</Corner_18>
<Corner_19>
  429 377</Corner_19>
<Corner_20>
  428 368</Corner_20>
<Corner_21>
  426 360</Corner_21>
<Corner_22>
  424 351</Corner_22>
<Corner_23>
  421 342</Corner_23>
<Corner_24>
  452 408</Corner_24>
<Corner_25>
  450 398</Corner_25>
<Corner_26>
  448 387</Corner_26>
<Corner_27>
  445 377</Corner_27>
<Corner_28>
  443 369</Corner_28>
<Corner_29>
  441 358</Corner_29>
<Corner_30>
  438 350</Corner_30>
<Corner_31>
  436 342</Corner_31>
<Corner_32>
  470 408</Corner_32>
<Corner_33>
  467 398</Corner_33>
<Corner_34>
  465 387</Corner_34>
<Corner_35>
  462 376</Corner_35>
<Corner_36>
  459 368</Corner_36>
<Corner_37>
  456 359</Corner_37>
<Corner_38>
  453 350</Corner_38>
<Corner_39>
  451 342</Corner_39>
<Corner_40>
  488 407</Corner_40>
<Corner_41>
  485 398</Corner_41>
<Corner_42>
  482 387</Corner_42>
<Corner_43>
  478 377</Corner_43>
<Corner_44>
  475 367</Corner_44>
<Corner_45>
  472 359</Corner_45>
<Corner_46>
  469 350</Corner_46>
<Corner_47>
  466 342</Corner_47>
</opencv_storage>
