<?xml version="1.0"?>
<opencv_storage>
<CameraMatrix type_id="opencv-matrix">
  <rows>3</rows>
  <cols>3</cols>
  <dt>f</dt>
  <data>
    3.89207092e+002 0. 3.13362793e+002 0. 4.22038605e+002
    2.25460144e+002 0. 0. 1.</data></CameraMatrix>
<DistortionCoeffs type_id="opencv-matrix">
  <rows>5</rows>
  <cols>1</cols>
  <dt>f</dt>
  <data>
    -3.87122154e-001 2.52589971e-001 3.03675118e-003 3.31283547e-003
    -1.02921866e-001</data></DistortionCoeffs>
</opencv_storage>
