<?xml version="1.0"?>
<opencv_storage>
<CornersAmount>48</CornersAmount>
<Corner_0>
  252 363</Corner_0>
<Corner_1>
  261 357</Corner_1>
<Corner_2>
  270 352</Corner_2>
<Corner_3>
  280 346</Corner_3>
<Corner_4>
  288 341</Corner_4>
<Corner_5>
  298 335</Corner_5>
<Corner_6>
  306 330</Corner_6>
<Corner_7>
  313 326</Corner_7>
<Corner_8>
  263 368</Corner_8>
<Corner_9>
  272 362</Corner_9>
<Corner_10>
  282 356</Corner_10>
<Corner_11>
  290 350</Corner_11>
<Corner_12>
  300 344</Corner_12>
<Corner_13>
  307 340</Corner_13>
<Corner_14>
  316 334</Corner_14>
<Corner_15>
  324 330</Corner_15>
<Corner_16>
  274 372</Corner_16>
<Corner_17>
  283 366</Corner_17>
<Corner_18>
  293 360</Corner_18>
<Corner_19>
  302 354</Corner_19>
<Corner_20>
  310 349</Corner_20>
<Corner_21>
  318 343</Corner_21>
<Corner_22>
  327 337</Corner_22>
<Corner_23>
  335 333</Corner_23>
<Corner_24>
  285 377</Corner_24>
<Corner_25>
  295 371</Corner_25>
<Corner_26>
  305 364</Corner_26>
<Corner_27>
  313 358</Corner_27>
<Corner_28>
  322 351</Corner_28>
<Corner_29>
  329 347</Corner_29>
<Corner_30>
  337 342</Corner_30>
<Corner_31>
  346 336</Corner_31>
<Corner_32>
  298 382</Corner_32>
<Corner_33>
  307 376</Corner_33>
<Corner_34>
  316 368</Corner_34>
<Corner_35>
  325 362</Corner_35>
<Corner_36>
  333 356</Corner_36>
<Corner_37>
  342 350</Corner_37>
<Corner_38>
  349 346</Corner_38>
<Corner_39>
  357 340</Corner_39>
<Corner_40>
  310 387</Corner_40>
<Corner_41>
  319 380</Corner_41>
<Corner_42>
  328 373</Corner_42>
<Corner_43>
  337 367</Corner_43>
<Corner_44>
  345 360</Corner_44>
<Corner_45>
  352 354</Corner_45>
<Corner_46>
  360 349</Corner_46>
<Corner_47>
  368 343</Corner_47>
</opencv_storage>
