<?xml version="1.0"?>
<opencv_storage>
<CameraMatrix type_id="opencv-matrix">
  <rows>3</rows>
  <cols>3</cols>
  <dt>f</dt>
  <data>
    4.01960419e+002 0. 3.51896240e+002 0. 4.42071655e+002
    2.41462769e+002 0. 0. 1.</data></CameraMatrix>
<DistortionCoeffs type_id="opencv-matrix">
  <rows>5</rows>
  <cols>1</cols>
  <dt>f</dt>
  <data>
    -3.79071325e-001 2.16180205e-001 -3.56947770e-004 -7.40148185e-004
    -7.52883255e-002</data></DistortionCoeffs>
<RotationValues type_id="opencv-matrix">
  <rows>3</rows>
  <cols>1</cols>
  <dt>f</dt>
  <data>
    1.73625433e+000 5.00542283e-001 -3.94662589e-001</data></RotationValues>
<TranslationValues type_id="opencv-matrix">
  <rows>3</rows>
  <cols>1</cols>
  <dt>f</dt>
  <data>
    -7.81134033e+002 8.59283875e+002 2.96919556e+003</data></TranslationValues>
</opencv_storage>
