<?xml version="1.0"?>
<opencv_storage>
<CameraMatrix type_id="opencv-matrix">
  <rows>3</rows>
  <cols>3</cols>
  <dt>f</dt>
  <data>
    4.07238525e+002 0. 3.29024536e+002 0. 4.44180756e+002
    2.23268417e+002 0. 0. 1.</data></CameraMatrix>
<DistortionCoeffs type_id="opencv-matrix">
  <rows>5</rows>
  <cols>1</cols>
  <dt>f</dt>
  <data>
    -3.62345368e-001 1.74570262e-001 7.55109533e-004 6.65191445e-004
    -3.36932689e-002</data></DistortionCoeffs>
<RotationValues type_id="opencv-matrix">
  <rows>3</rows>
  <cols>1</cols>
  <dt>f</dt>
  <data>
    1.36827207e+000 1.34119141e+000 -1.05976427e+000</data></RotationValues>
<TranslationValues type_id="opencv-matrix">
  <rows>3</rows>
  <cols>1</cols>
  <dt>f</dt>
  <data>
    -6.70630493e+002 9.48142456e+002 3.02513354e+003</data></TranslationValues>
</opencv_storage>
