<?xml version="1.0"?>
<opencv_storage>
<CameraMatrix type_id="opencv-matrix">
  <rows>3</rows>
  <cols>3</cols>
  <dt>f</dt>
  <data>
    4.07238525e+002 0. 3.29024536e+002 0. 4.44180756e+002
    2.23268417e+002 0. 0. 1.</data></CameraMatrix>
<DistortionCoeffs type_id="opencv-matrix">
  <rows>5</rows>
  <cols>1</cols>
  <dt>f</dt>
  <data>
    -3.62345368e-001 1.74570262e-001 7.55109533e-004 6.65191445e-004
    -3.36932689e-002</data></DistortionCoeffs>
</opencv_storage>
